cutoff	True.pos	False.pos	True.neg	False.neg	False.pos.rate	True.pos.rate
-0.5	1000	500	0	0	1	1
-0.495	1000	500	0	0	1	1
-0.49	1000	500	0	0	1	1
-0.485	1000	500	0	0	1	1
-0.48	1000	500	0	0	1	1
-0.475	1000	500	0	0	1	1
-0.47	1000	500	0	0	1	1
-0.465	1000	500	0	0	1	1
-0.46	1000	500	0	0	1	1
-0.455	1000	500	0	0	1	1
-0.45	1000	500	0	0	1	1
-0.445	1000	500	0	0	1	1
-0.44	1000	500	0	0	1	1
-0.435	1000	500	0	0	1	1
-0.43	1000	500	0	0	1	1
-0.425	1000	500	0	0	1	1
-0.42	1000	500	0	0	1	1
-0.415	1000	500	0	0	1	1
-0.41	1000	500	0	0	1	1
-0.405	1000	500	0	0	1	1
-0.4	1000	500	0	0	1	1
-0.395	1000	500	0	0	1	1
-0.39	1000	500	0	0	1	1
-0.385	1000	500	0	0	1	1
-0.38	1000	500	0	0	1	1
-0.375	1000	500	0	0	1	1
-0.37	1000	500	0	0	1	1
-0.365	1000	500	0	0	1	1
-0.36	1000	500	0	0	1	1
-0.355	1000	500	0	0	1	1
-0.35	1000	500	0	0	1	1
-0.345	1000	500	0	0	1	1
-0.34	1000	500	0	0	1	1
-0.335	1000	500	0	0	1	1
-0.33	1000	500	0	0	1	1
-0.325	1000	500	0	0	1	1
-0.32	1000	500	0	0	1	1
-0.315	1000	500	0	0	1	1
-0.31	1000	500	0	0	1	1
-0.305	1000	500	0	0	1	1
-0.3	1000	500	0	0	1	1
-0.295	1000	500	0	0	1	1
-0.29	1000	500	0	0	1	1
-0.285	1000	500	0	0	1	1
-0.28	1000	500	0	0	1	1
-0.275	1000	500	0	0	1	1
-0.27	1000	500	0	0	1	1
-0.265	1000	500	0	0	1	1
-0.26	1000	500	0	0	1	1
-0.255	1000	500	0	0	1	1
-0.25	1000	500	0	0	1	1
-0.245	1000	500	0	0	1	1
-0.24	1000	500	0	0	1	1
-0.235	1000	500	0	0	1	1
-0.23	1000	500	0	0	1	1
-0.225	1000	500	0	0	1	1
-0.22	1000	500	0	0	1	1
-0.215	1000	500	0	0	1	1
-0.21	1000	500	0	0	1	1
-0.205	1000	500	0	0	1	1
-0.2	1000	500	0	0	1	1
-0.195	1000	500	0	0	1	1
-0.19	1000	500	0	0	1	1
-0.185	1000	500	0	0	1	1
-0.18	1000	500	0	0	1	1
-0.175	1000	500	0	0	1	1
-0.17	1000	500	0	0	1	1
-0.165	1000	500	0	0	1	1
-0.16	1000	500	0	0	1	1
-0.155	1000	500	0	0	1	1
-0.15	1000	500	0	0	1	1
-0.145	1000	500	0	0	1	1
-0.14	1000	500	0	0	1	1
-0.135	1000	500	0	0	1	1
-0.13	1000	500	0	0	1	1
-0.125	1000	500	0	0	1	1
-0.12	1000	500	0	0	1	1
-0.115	1000	500	0	0	1	1
-0.11	1000	500	0	0	1	1
-0.105	1000	500	0	0	1	1
-0.1	1000	500	0	0	1	1
-0.095	1000	500	0	0	1	1
-0.09	1000	500	0	0	1	1
-0.085	1000	500	0	0	1	1
-0.08	1000	500	0	0	1	1
-0.075	1000	500	0	0	1	1
-0.07	1000	500	0	0	1	1
-0.065	1000	500	0	0	1	1
-0.06	1000	500	0	0	1	1
-0.055	1000	500	0	0	1	1
-0.05	1000	500	0	0	1	1
-0.045	1000	500	0	0	1	1
-0.04	1000	500	0	0	1	1
-0.035	1000	500	0	0	1	1
-0.03	1000	500	0	0	1	1
-0.025	1000	500	0	0	1	1
-0.02	1000	500	0	0	1	1
-0.015	1000	500	0	0	1	1
-0.01	1000	500	0	0	1	1
-0.005	1000	500	0	0	1	1
0	1000	500	0	0	1	1
0.005	1000	500	0	0	1	1
0.01	1000	500	0	0	1	1
0.015	1000	500	0	0	1	1
0.02	1000	500	0	0	1	1
0.025	1000	496	4	0	0.992	1
0.03	999	441	59	1	0.882	0.999
0.035	999	311	189	1	0.622	0.999
0.04	999	241	259	1	0.482	0.999
0.045	998	231	269	2	0.462	0.998
0.05	998	228	272	2	0.456	0.998
0.055	998	225	275	2	0.45	0.998
0.0600000000000001	998	225	275	2	0.45	0.998
0.0650000000000001	998	224	276	2	0.448	0.998
0.0700000000000001	998	222	278	2	0.444	0.998
0.0750000000000001	998	221	279	2	0.442	0.998
0.08	998	221	279	2	0.442	0.998
0.085	998	220	280	2	0.44	0.998
0.09	998	219	281	2	0.438	0.998
0.095	998	219	281	2	0.438	0.998
0.1	998	216	284	2	0.432	0.998
0.105	998	214	286	2	0.428	0.998
0.11	998	214	286	2	0.428	0.998
0.115	998	214	286	2	0.428	0.998
0.12	998	213	287	2	0.426	0.998
0.125	998	211	289	2	0.422	0.998
0.13	997	208	292	3	0.416	0.997
0.135	997	205	295	3	0.41	0.997
0.14	997	203	297	3	0.406	0.997
0.145	997	201	299	3	0.402	0.997
0.15	996	196	304	4	0.392	0.996
0.155	996	192	308	4	0.384	0.996
0.16	996	189	311	4	0.378	0.996
0.165	996	183	317	4	0.366	0.996
0.17	996	183	317	4	0.366	0.996
0.175	996	177	323	4	0.354	0.996
0.18	996	171	329	4	0.342	0.996
0.185	996	168	332	4	0.336	0.996
0.19	996	166	334	4	0.332	0.996
0.195	996	162	338	4	0.324	0.996
0.2	996	156	344	4	0.312	0.996
0.205	996	153	347	4	0.306	0.996
0.21	995	151	349	5	0.302	0.995
0.215	995	148	352	5	0.296	0.995
0.22	995	143	357	5	0.286	0.995
0.225	995	138	362	5	0.276	0.995
0.23	992	128	372	8	0.256	0.992
0.235	991	120	380	9	0.24	0.991
0.24	985	65	435	15	0.13	0.985
0.245	980	30	470	20	0.06	0.98
0.25	979	24	476	21	0.048	0.979
0.255	979	22	478	21	0.044	0.979
0.26	979	22	478	21	0.044	0.979
0.265	979	22	478	21	0.044	0.979
0.27	979	22	478	21	0.044	0.979
0.275	979	22	478	21	0.044	0.979
0.28	979	22	478	21	0.044	0.979
0.285	979	22	478	21	0.044	0.979
0.29	978	21	479	22	0.042	0.978
0.295	977	21	479	23	0.042	0.977
0.3	977	21	479	23	0.042	0.977
0.305	977	21	479	23	0.042	0.977
0.31	977	19	481	23	0.038	0.977
0.315	977	18	482	23	0.036	0.977
0.32	977	17	483	23	0.034	0.977
0.325	977	15	485	23	0.03	0.977
0.33	977	14	486	23	0.028	0.977
0.335	976	14	486	24	0.028	0.976
0.34	975	14	486	25	0.028	0.975
0.345	975	12	488	25	0.024	0.975
0.35	975	12	488	25	0.024	0.975
0.355	974	12	488	26	0.024	0.974
0.36	974	10	490	26	0.02	0.974
0.365	973	10	490	27	0.02	0.973
0.37	973	9	491	27	0.018	0.973
0.375	973	9	491	27	0.018	0.973
0.38	972	7	493	28	0.014	0.972
0.385	972	6	494	28	0.012	0.972
0.39	971	6	494	29	0.012	0.971
0.395	971	2	498	29	0.004	0.971
0.4	971	0	500	29	0	0.971
0.405	969	0	500	31	0	0.969
0.41	969	0	500	31	0	0.969
0.415	966	0	500	34	0	0.966
0.42	966	0	500	34	0	0.966
0.425	964	0	500	36	0	0.964
0.43	964	0	500	36	0	0.964
0.435	964	0	500	36	0	0.964
0.44	964	0	500	36	0	0.964
0.445	963	0	500	37	0	0.963
0.45	963	0	500	37	0	0.963
0.455	962	0	500	38	0	0.962
0.46	962	0	500	38	0	0.962
0.465	960	0	500	40	0	0.96
0.47	960	0	500	40	0	0.96
0.475	959	0	500	41	0	0.959
0.48	957	0	500	43	0	0.957
0.485	957	0	500	43	0	0.957
0.49	956	0	500	44	0	0.956
0.495	954	0	500	46	0	0.954
0.5	953	0	500	47	0	0.953
0.505	951	0	500	49	0	0.951
0.51	950	0	500	50	0	0.95
0.515	948	0	500	52	0	0.948
0.52	947	0	500	53	0	0.947
0.525	947	0	500	53	0	0.947
0.53	947	0	500	53	0	0.947
0.535	947	0	500	53	0	0.947
0.54	946	0	500	54	0	0.946
0.545	941	0	500	59	0	0.941
0.55	941	0	500	59	0	0.941
0.555	941	0	500	59	0	0.941
0.56	936	0	500	64	0	0.936
0.565	935	0	500	65	0	0.935
0.57	934	0	500	66	0	0.934
0.575	932	0	500	68	0	0.932
0.58	930	0	500	70	0	0.93
0.585	928	0	500	72	0	0.928
0.59	926	0	500	74	0	0.926
0.595	923	0	500	77	0	0.923
0.6	919	0	500	81	0	0.919
0.605	913	0	500	87	0	0.913
0.61	910	0	500	90	0	0.91
0.615	908	0	500	92	0	0.908
0.62	907	0	500	93	0	0.907
0.625	903	0	500	97	0	0.903
0.63	901	0	500	99	0	0.901
0.635	900	0	500	100	0	0.9
0.64	897	0	500	103	0	0.897
0.645	894	0	500	106	0	0.894
0.65	893	0	500	107	0	0.893
0.655	887	0	500	113	0	0.887
0.66	886	0	500	114	0	0.886
0.665	882	0	500	118	0	0.882
0.67	881	0	500	119	0	0.881
0.675	877	0	500	123	0	0.877
0.68	873	0	500	127	0	0.873
0.685	868	0	500	132	0	0.868
0.69	866	0	500	134	0	0.866
0.695	863	0	500	137	0	0.863
0.7	859	0	500	141	0	0.859
0.705	854	0	500	146	0	0.854
0.71	848	0	500	152	0	0.848
0.715	844	0	500	156	0	0.844
0.72	839	0	500	161	0	0.839
0.725	832	0	500	168	0	0.832
0.73	829	0	500	171	0	0.829
0.735	826	0	500	174	0	0.826
0.74	821	0	500	179	0	0.821
0.745	813	0	500	187	0	0.813
0.75	809	0	500	191	0	0.809
0.755	804	0	500	196	0	0.804
0.76	802	0	500	198	0	0.802
0.765	795	0	500	205	0	0.795
0.77	790	0	500	210	0	0.79
0.775	789	0	500	211	0	0.789
0.78	784	0	500	216	0	0.784
0.785	782	0	500	218	0	0.782
0.79	777	0	500	223	0	0.777
0.795	774	0	500	226	0	0.774
0.8	770	0	500	230	0	0.77
0.805	764	0	500	236	0	0.764
0.81	759	0	500	241	0	0.759
0.815	752	0	500	248	0	0.752
0.82	746	0	500	254	0	0.746
0.825	740	0	500	260	0	0.74
0.83	732	0	500	268	0	0.732
0.835	721	0	500	279	0	0.721
0.84	716	0	500	284	0	0.716
0.845	705	0	500	295	0	0.705
0.85	696	0	500	304	0	0.696
0.855	689	0	500	311	0	0.689
0.86	680	0	500	320	0	0.68
0.865	674	0	500	326	0	0.674
0.87	666	0	500	334	0	0.666
0.875	662	0	500	338	0	0.662
0.88	657	0	500	343	0	0.657
0.885	654	0	500	346	0	0.654
0.89	651	0	500	349	0	0.651
0.895	644	0	500	356	0	0.644
0.9	640	0	500	360	0	0.64
0.905	632	0	500	368	0	0.632
0.91	629	0	500	371	0	0.629
0.915	612	0	500	388	0	0.612
0.92	604	0	500	396	0	0.604
0.925	595	0	500	405	0	0.595
0.93	589	0	500	411	0	0.589
0.935	572	0	500	428	0	0.572
0.94	563	0	500	437	0	0.563
0.945	555	0	500	445	0	0.555
0.95	544	0	500	456	0	0.544
0.955	537	0	500	463	0	0.537
0.96	522	0	500	478	0	0.522
0.965	512	0	500	488	0	0.512
0.97	503	0	500	497	0	0.503
0.975	496	0	500	504	0	0.496
0.98	481	0	500	519	0	0.481
0.985	464	0	500	536	0	0.464
0.99	451	0	500	549	0	0.451
0.995	439	0	500	561	0	0.439
1	429	0	500	571	0	0.429
1.005	413	0	500	587	0	0.413
1.01	400	0	500	600	0	0.4
1.015	387	0	500	613	0	0.387
1.02	378	0	500	622	0	0.378
1.025	367	0	500	633	0	0.367
1.03	353	0	500	647	0	0.353
1.035	335	0	500	665	0	0.335
1.04	328	0	500	672	0	0.328
1.045	318	0	500	682	0	0.318
1.05	307	0	500	693	0	0.307
1.055	296	0	500	704	0	0.296
1.06	282	0	500	718	0	0.282
1.065	273	0	500	727	0	0.273
1.07	265	0	500	735	0	0.265
1.075	258	0	500	742	0	0.258
1.08	248	0	500	752	0	0.248
1.085	232	0	500	768	0	0.232
1.09	222	0	500	778	0	0.222
1.095	209	0	500	791	0	0.209
1.1	197	0	500	803	0	0.197
1.105	190	0	500	810	0	0.19
1.11	180	0	500	820	0	0.18
1.115	170	0	500	830	0	0.17
1.12	161	0	500	839	0	0.161
1.125	148	0	500	852	0	0.148
1.13	142	0	500	858	0	0.142
1.135	136	0	500	864	0	0.136
1.14	132	0	500	868	0	0.132
1.145	125	0	500	875	0	0.125
1.15	112	0	500	888	0	0.112
1.155	105	0	500	895	0	0.105
1.16	93	0	500	907	0	0.093
1.165	88	0	500	912	0	0.088
1.17	81	0	500	919	0	0.081
1.175	79	0	500	921	0	0.079
1.18	71	0	500	929	0	0.071
1.185	67	0	500	933	0	0.067
1.19	60	0	500	940	0	0.06
1.195	55	0	500	945	0	0.055
1.2	50	0	500	950	0	0.05
1.205	44	0	500	956	0	0.044
1.21	39	0	500	961	0	0.039
1.215	36	0	500	964	0	0.036
1.22	34	0	500	966	0	0.034
1.225	27	0	500	973	0	0.027
1.23	24	0	500	976	0	0.024
1.235	22	0	500	978	0	0.022
1.24	20	0	500	980	0	0.02
1.245	20	0	500	980	0	0.02
1.25	16	0	500	984	0	0.016
1.255	14	0	500	986	0	0.014
1.26	12	0	500	988	0	0.012
1.265	11	0	500	989	0	0.011
1.27	11	0	500	989	0	0.011
1.275	11	0	500	989	0	0.011
1.28	11	0	500	989	0	0.011
1.285	10	0	500	990	0	0.01
1.29	6	0	500	994	0	0.006
1.295	5	0	500	995	0	0.005
1.3	3	0	500	997	0	0.003
1.305	3	0	500	997	0	0.003
1.31	2	0	500	998	0	0.002
1.315	2	0	500	998	0	0.002
1.32	2	0	500	998	0	0.002
1.325	1	0	500	999	0	0.001
1.33	1	0	500	999	0	0.001
1.335	0	0	500	1000	0	0
1.34	0	0	500	1000	0	0
1.345	0	0	500	1000	0	0
1.35	0	0	500	1000	0	0
1.355	0	0	500	1000	0	0
1.36	0	0	500	1000	0	0
1.365	0	0	500	1000	0	0
1.37	0	0	500	1000	0	0
1.375	0	0	500	1000	0	0
1.38	0	0	500	1000	0	0
1.385	0	0	500	1000	0	0
1.39	0	0	500	1000	0	0
1.395	0	0	500	1000	0	0
1.4	0	0	500	1000	0	0
1.405	0	0	500	1000	0	0
1.41	0	0	500	1000	0	0
1.415	0	0	500	1000	0	0
1.42	0	0	500	1000	0	0
1.425	0	0	500	1000	0	0
1.43	0	0	500	1000	0	0
1.435	0	0	500	1000	0	0
1.44	0	0	500	1000	0	0
1.445	0	0	500	1000	0	0
1.45	0	0	500	1000	0	0
1.455	0	0	500	1000	0	0
1.46	0	0	500	1000	0	0
1.465	0	0	500	1000	0	0
1.47	0	0	500	1000	0	0
1.475	0	0	500	1000	0	0
1.48	0	0	500	1000	0	0
1.485	0	0	500	1000	0	0
1.49	0	0	500	1000	0	0
1.495	0	0	500	1000	0	0
1.5	0	0	500	1000	0	0
