cutoff	True.pos	False.pos	True.neg	False.neg	False.pos.rate	True.pos.rate
-0.5	1000	500	0	0	1	1
-0.495	1000	500	0	0	1	1
-0.49	1000	500	0	0	1	1
-0.485	1000	500	0	0	1	1
-0.48	1000	500	0	0	1	1
-0.475	1000	500	0	0	1	1
-0.47	1000	500	0	0	1	1
-0.465	1000	500	0	0	1	1
-0.46	1000	500	0	0	1	1
-0.455	1000	500	0	0	1	1
-0.45	1000	500	0	0	1	1
-0.445	1000	500	0	0	1	1
-0.44	1000	500	0	0	1	1
-0.435	1000	500	0	0	1	1
-0.43	1000	500	0	0	1	1
-0.425	1000	500	0	0	1	1
-0.42	1000	500	0	0	1	1
-0.415	1000	500	0	0	1	1
-0.41	1000	500	0	0	1	1
-0.405	1000	500	0	0	1	1
-0.4	1000	500	0	0	1	1
-0.395	1000	500	0	0	1	1
-0.39	1000	500	0	0	1	1
-0.385	1000	500	0	0	1	1
-0.38	1000	500	0	0	1	1
-0.375	1000	500	0	0	1	1
-0.37	1000	500	0	0	1	1
-0.365	1000	500	0	0	1	1
-0.36	1000	500	0	0	1	1
-0.355	1000	500	0	0	1	1
-0.35	1000	500	0	0	1	1
-0.345	1000	500	0	0	1	1
-0.34	1000	500	0	0	1	1
-0.335	1000	500	0	0	1	1
-0.33	1000	500	0	0	1	1
-0.325	1000	500	0	0	1	1
-0.32	1000	500	0	0	1	1
-0.315	1000	500	0	0	1	1
-0.31	1000	500	0	0	1	1
-0.305	1000	500	0	0	1	1
-0.3	1000	500	0	0	1	1
-0.295	1000	500	0	0	1	1
-0.29	1000	500	0	0	1	1
-0.285	1000	500	0	0	1	1
-0.28	1000	500	0	0	1	1
-0.275	1000	500	0	0	1	1
-0.27	1000	500	0	0	1	1
-0.265	1000	500	0	0	1	1
-0.26	1000	500	0	0	1	1
-0.255	1000	500	0	0	1	1
-0.25	1000	500	0	0	1	1
-0.245	1000	500	0	0	1	1
-0.24	1000	500	0	0	1	1
-0.235	1000	500	0	0	1	1
-0.23	1000	500	0	0	1	1
-0.225	1000	500	0	0	1	1
-0.22	1000	500	0	0	1	1
-0.215	1000	500	0	0	1	1
-0.21	1000	500	0	0	1	1
-0.205	1000	500	0	0	1	1
-0.2	1000	500	0	0	1	1
-0.195	1000	500	0	0	1	1
-0.19	1000	500	0	0	1	1
-0.185	1000	500	0	0	1	1
-0.18	1000	500	0	0	1	1
-0.175	1000	500	0	0	1	1
-0.17	1000	500	0	0	1	1
-0.165	1000	500	0	0	1	1
-0.16	1000	500	0	0	1	1
-0.155	1000	500	0	0	1	1
-0.15	1000	500	0	0	1	1
-0.145	1000	500	0	0	1	1
-0.14	1000	500	0	0	1	1
-0.135	1000	500	0	0	1	1
-0.13	1000	500	0	0	1	1
-0.125	1000	500	0	0	1	1
-0.12	1000	500	0	0	1	1
-0.115	1000	500	0	0	1	1
-0.11	1000	500	0	0	1	1
-0.105	1000	500	0	0	1	1
-0.1	1000	500	0	0	1	1
-0.095	1000	500	0	0	1	1
-0.09	1000	500	0	0	1	1
-0.085	1000	500	0	0	1	1
-0.08	1000	500	0	0	1	1
-0.075	1000	500	0	0	1	1
-0.07	1000	500	0	0	1	1
-0.065	1000	500	0	0	1	1
-0.06	1000	500	0	0	1	1
-0.055	1000	500	0	0	1	1
-0.05	1000	500	0	0	1	1
-0.045	1000	500	0	0	1	1
-0.04	1000	500	0	0	1	1
-0.035	1000	500	0	0	1	1
-0.03	1000	500	0	0	1	1
-0.025	1000	500	0	0	1	1
-0.02	1000	500	0	0	1	1
-0.015	1000	500	0	0	1	1
-0.01	1000	500	0	0	1	1
-0.005	1000	500	0	0	1	1
0	1000	500	0	0	1	1
0.005	1000	499	1	0	0.998	1
0.01	1000	489	11	0	0.978	1
0.015	998	437	63	2	0.874	0.998
0.02	998	341	159	2	0.682	0.998
0.025	998	320	180	2	0.64	0.998
0.03	998	304	196	2	0.608	0.998
0.035	998	293	207	2	0.586	0.998
0.04	998	272	228	2	0.544	0.998
0.045	998	266	234	2	0.532	0.998
0.05	998	262	238	2	0.524	0.998
0.055	998	258	242	2	0.516	0.998
0.0600000000000001	998	254	246	2	0.508	0.998
0.0650000000000001	998	246	254	2	0.492	0.998
0.0700000000000001	998	244	256	2	0.488	0.998
0.0750000000000001	998	240	260	2	0.48	0.998
0.08	998	240	260	2	0.48	0.998
0.085	998	238	262	2	0.476	0.998
0.09	998	233	267	2	0.466	0.998
0.095	998	232	268	2	0.464	0.998
0.1	998	229	271	2	0.458	0.998
0.105	998	227	273	2	0.454	0.998
0.11	998	224	276	2	0.448	0.998
0.115	998	220	280	2	0.44	0.998
0.12	998	218	282	2	0.436	0.998
0.125	998	217	283	2	0.434	0.998
0.13	998	213	287	2	0.426	0.998
0.135	998	210	290	2	0.42	0.998
0.14	998	204	296	2	0.408	0.998
0.145	998	200	300	2	0.4	0.998
0.15	998	195	305	2	0.39	0.998
0.155	998	192	308	2	0.384	0.998
0.16	998	190	310	2	0.38	0.998
0.165	998	189	311	2	0.378	0.998
0.17	997	182	318	3	0.364	0.997
0.175	997	175	325	3	0.35	0.997
0.18	997	173	327	3	0.346	0.997
0.185	997	168	332	3	0.336	0.997
0.19	997	162	338	3	0.324	0.997
0.195	997	158	342	3	0.316	0.997
0.2	997	156	344	3	0.312	0.997
0.205	997	154	346	3	0.308	0.997
0.21	997	139	361	3	0.278	0.997
0.215	997	136	364	3	0.272	0.997
0.22	997	127	373	3	0.254	0.997
0.225	997	125	375	3	0.25	0.997
0.23	996	97	403	4	0.194	0.996
0.235	996	51	449	4	0.102	0.996
0.24	995	38	462	5	0.076	0.995
0.245	994	35	465	6	0.07	0.994
0.25	994	35	465	6	0.07	0.994
0.255	994	35	465	6	0.07	0.994
0.26	994	34	466	6	0.068	0.994
0.265	994	33	467	6	0.066	0.994
0.27	994	33	467	6	0.066	0.994
0.275	994	33	467	6	0.066	0.994
0.28	994	32	468	6	0.064	0.994
0.285	993	31	469	7	0.062	0.993
0.29	993	31	469	7	0.062	0.993
0.295	993	28	472	7	0.056	0.993
0.3	992	27	473	8	0.054	0.992
0.305	992	27	473	8	0.054	0.992
0.31	992	27	473	8	0.054	0.992
0.315	992	26	474	8	0.052	0.992
0.32	992	22	478	8	0.044	0.992
0.325	992	21	479	8	0.042	0.992
0.33	992	18	482	8	0.036	0.992
0.335	992	17	483	8	0.034	0.992
0.34	992	16	484	8	0.032	0.992
0.345	991	14	486	9	0.028	0.991
0.35	991	12	488	9	0.024	0.991
0.355	991	9	491	9	0.018	0.991
0.36	991	9	491	9	0.018	0.991
0.365	991	6	494	9	0.012	0.991
0.37	991	5	495	9	0.01	0.991
0.375	991	2	498	9	0.004	0.991
0.38	991	2	498	9	0.004	0.991
0.385	989	1	499	11	0.002	0.989
0.39	989	1	499	11	0.002	0.989
0.395	989	0	500	11	0	0.989
0.4	989	0	500	11	0	0.989
0.405	988	0	500	12	0	0.988
0.41	988	0	500	12	0	0.988
0.415	987	0	500	13	0	0.987
0.42	987	0	500	13	0	0.987
0.425	987	0	500	13	0	0.987
0.43	985	0	500	15	0	0.985
0.435	985	0	500	15	0	0.985
0.44	985	0	500	15	0	0.985
0.445	984	0	500	16	0	0.984
0.45	984	0	500	16	0	0.984
0.455	983	0	500	17	0	0.983
0.46	983	0	500	17	0	0.983
0.465	982	0	500	18	0	0.982
0.47	982	0	500	18	0	0.982
0.475	981	0	500	19	0	0.981
0.48	979	0	500	21	0	0.979
0.485	979	0	500	21	0	0.979
0.49	979	0	500	21	0	0.979
0.495	979	0	500	21	0	0.979
0.5	978	0	500	22	0	0.978
0.505	976	0	500	24	0	0.976
0.51	973	0	500	27	0	0.973
0.515	971	0	500	29	0	0.971
0.52	968	0	500	32	0	0.968
0.525	965	0	500	35	0	0.965
0.53	964	0	500	36	0	0.964
0.535	963	0	500	37	0	0.963
0.54	962	0	500	38	0	0.962
0.545	961	0	500	39	0	0.961
0.55	958	0	500	42	0	0.958
0.555	957	0	500	43	0	0.957
0.56	953	0	500	47	0	0.953
0.565	952	0	500	48	0	0.952
0.57	948	0	500	52	0	0.948
0.575	947	0	500	53	0	0.947
0.58	943	0	500	57	0	0.943
0.585	938	0	500	62	0	0.938
0.59	938	0	500	62	0	0.938
0.595	937	0	500	63	0	0.937
0.6	936	0	500	64	0	0.936
0.605	933	0	500	67	0	0.933
0.61	929	0	500	71	0	0.929
0.615	927	0	500	73	0	0.927
0.62	926	0	500	74	0	0.926
0.625	926	0	500	74	0	0.926
0.63	923	0	500	77	0	0.923
0.635	919	0	500	81	0	0.919
0.64	915	0	500	85	0	0.915
0.645	915	0	500	85	0	0.915
0.65	914	0	500	86	0	0.914
0.655	911	0	500	89	0	0.911
0.66	910	0	500	90	0	0.91
0.665	908	0	500	92	0	0.908
0.67	906	0	500	94	0	0.906
0.675	902	0	500	98	0	0.902
0.68	896	0	500	104	0	0.896
0.685	889	0	500	111	0	0.889
0.69	884	0	500	116	0	0.884
0.695	880	0	500	120	0	0.88
0.7	878	0	500	122	0	0.878
0.705	876	0	500	124	0	0.876
0.71	872	0	500	128	0	0.872
0.715	867	0	500	133	0	0.867
0.72	863	0	500	137	0	0.863
0.725	856	0	500	144	0	0.856
0.73	849	0	500	151	0	0.849
0.735	846	0	500	154	0	0.846
0.74	844	0	500	156	0	0.844
0.745	841	0	500	159	0	0.841
0.75	837	0	500	163	0	0.837
0.755	833	0	500	167	0	0.833
0.76	831	0	500	169	0	0.831
0.765	827	0	500	173	0	0.827
0.77	817	0	500	183	0	0.817
0.775	814	0	500	186	0	0.814
0.78	808	0	500	192	0	0.808
0.785	799	0	500	201	0	0.799
0.79	795	0	500	205	0	0.795
0.795	790	0	500	210	0	0.79
0.8	785	0	500	215	0	0.785
0.805	783	0	500	217	0	0.783
0.81	777	0	500	223	0	0.777
0.815	772	0	500	228	0	0.772
0.82	767	0	500	233	0	0.767
0.825	757	0	500	243	0	0.757
0.83	753	0	500	247	0	0.753
0.835	748	0	500	252	0	0.748
0.84	744	0	500	256	0	0.744
0.845	740	0	500	260	0	0.74
0.85	736	0	500	264	0	0.736
0.855	725	0	500	275	0	0.725
0.86	719	0	500	281	0	0.719
0.865	716	0	500	284	0	0.716
0.87	708	0	500	292	0	0.708
0.875	703	0	500	297	0	0.703
0.88	697	0	500	303	0	0.697
0.885	688	0	500	312	0	0.688
0.89	680	0	500	320	0	0.68
0.895	675	0	500	325	0	0.675
0.9	667	0	500	333	0	0.667
0.905	660	0	500	340	0	0.66
0.91	650	0	500	350	0	0.65
0.915	644	0	500	356	0	0.644
0.92	633	0	500	367	0	0.633
0.925	627	0	500	373	0	0.627
0.93	622	0	500	378	0	0.622
0.935	611	0	500	389	0	0.611
0.94	605	0	500	395	0	0.605
0.945	595	0	500	405	0	0.595
0.95	585	0	500	415	0	0.585
0.955	570	0	500	430	0	0.57
0.96	562	0	500	438	0	0.562
0.965	550	0	500	450	0	0.55
0.97	533	0	500	467	0	0.533
0.975	518	0	500	482	0	0.518
0.98	509	0	500	491	0	0.509
0.985	507	0	500	493	0	0.507
0.99	499	0	500	501	0	0.499
0.995	489	0	500	511	0	0.489
1	481	0	500	519	0	0.481
1.005	468	0	500	532	0	0.468
1.01	456	0	500	544	0	0.456
1.015	440	0	500	560	0	0.44
1.02	434	0	500	566	0	0.434
1.025	419	0	500	581	0	0.419
1.03	411	0	500	589	0	0.411
1.035	398	0	500	602	0	0.398
1.04	391	0	500	609	0	0.391
1.045	377	0	500	623	0	0.377
1.05	365	0	500	635	0	0.365
1.055	357	0	500	643	0	0.357
1.06	350	0	500	650	0	0.35
1.065	341	0	500	659	0	0.341
1.07	331	0	500	669	0	0.331
1.075	321	0	500	679	0	0.321
1.08	311	0	500	689	0	0.311
1.085	300	0	500	700	0	0.3
1.09	284	0	500	716	0	0.284
1.095	276	0	500	724	0	0.276
1.1	266	0	500	734	0	0.266
1.105	245	0	500	755	0	0.245
1.11	235	0	500	765	0	0.235
1.115	220	0	500	780	0	0.22
1.12	210	0	500	790	0	0.21
1.125	197	0	500	803	0	0.197
1.13	180	0	500	820	0	0.18
1.135	171	0	500	829	0	0.171
1.14	159	0	500	841	0	0.159
1.145	150	0	500	850	0	0.15
1.15	146	0	500	854	0	0.146
1.155	139	0	500	861	0	0.139
1.16	129	0	500	871	0	0.129
1.165	111	0	500	889	0	0.111
1.17	103	0	500	897	0	0.103
1.175	98	0	500	902	0	0.098
1.18	91	0	500	909	0	0.091
1.185	85	0	500	915	0	0.085
1.19	79	0	500	921	0	0.079
1.195	72	0	500	928	0	0.072
1.2	65	0	500	935	0	0.065
1.205	63	0	500	937	0	0.063
1.21	57	0	500	943	0	0.057
1.215	56	0	500	944	0	0.056
1.22	47	0	500	953	0	0.047
1.225	42	0	500	958	0	0.042
1.23	39	0	500	961	0	0.039
1.235	36	0	500	964	0	0.036
1.24	30	0	500	970	0	0.03
1.245	26	0	500	974	0	0.026
1.25	23	0	500	977	0	0.023
1.255	21	0	500	979	0	0.021
1.26	21	0	500	979	0	0.021
1.265	17	0	500	983	0	0.017
1.27	13	0	500	987	0	0.013
1.275	11	0	500	989	0	0.011
1.28	9	0	500	991	0	0.009
1.285	7	0	500	993	0	0.007
1.29	5	0	500	995	0	0.005
1.295	5	0	500	995	0	0.005
1.3	3	0	500	997	0	0.003
1.305	2	0	500	998	0	0.002
1.31	1	0	500	999	0	0.001
1.315	1	0	500	999	0	0.001
1.32	1	0	500	999	0	0.001
1.325	0	0	500	1000	0	0
1.33	0	0	500	1000	0	0
1.335	0	0	500	1000	0	0
1.34	0	0	500	1000	0	0
1.345	0	0	500	1000	0	0
1.35	0	0	500	1000	0	0
1.355	0	0	500	1000	0	0
1.36	0	0	500	1000	0	0
1.365	0	0	500	1000	0	0
1.37	0	0	500	1000	0	0
1.375	0	0	500	1000	0	0
1.38	0	0	500	1000	0	0
1.385	0	0	500	1000	0	0
1.39	0	0	500	1000	0	0
1.395	0	0	500	1000	0	0
1.4	0	0	500	1000	0	0
1.405	0	0	500	1000	0	0
1.41	0	0	500	1000	0	0
1.415	0	0	500	1000	0	0
1.42	0	0	500	1000	0	0
1.425	0	0	500	1000	0	0
1.43	0	0	500	1000	0	0
1.435	0	0	500	1000	0	0
1.44	0	0	500	1000	0	0
1.445	0	0	500	1000	0	0
1.45	0	0	500	1000	0	0
1.455	0	0	500	1000	0	0
1.46	0	0	500	1000	0	0
1.465	0	0	500	1000	0	0
1.47	0	0	500	1000	0	0
1.475	0	0	500	1000	0	0
1.48	0	0	500	1000	0	0
1.485	0	0	500	1000	0	0
1.49	0	0	500	1000	0	0
1.495	0	0	500	1000	0	0
1.5	0	0	500	1000	0	0
