cutoff	True.pos	False.pos	True.neg	False.neg	False.pos.rate	True.pos.rate
-0.5	1000	494	0	0	1	1
-0.495	1000	494	0	0	1	1
-0.49	1000	494	0	0	1	1
-0.485	1000	494	0	0	1	1
-0.48	1000	494	0	0	1	1
-0.475	1000	494	0	0	1	1
-0.47	1000	494	0	0	1	1
-0.465	1000	494	0	0	1	1
-0.46	1000	494	0	0	1	1
-0.455	1000	494	0	0	1	1
-0.45	1000	494	0	0	1	1
-0.445	1000	494	0	0	1	1
-0.44	1000	494	0	0	1	1
-0.435	1000	494	0	0	1	1
-0.43	1000	494	0	0	1	1
-0.425	1000	494	0	0	1	1
-0.42	1000	494	0	0	1	1
-0.415	1000	494	0	0	1	1
-0.41	1000	494	0	0	1	1
-0.405	1000	494	0	0	1	1
-0.4	1000	494	0	0	1	1
-0.395	1000	494	0	0	1	1
-0.39	1000	494	0	0	1	1
-0.385	1000	494	0	0	1	1
-0.38	1000	494	0	0	1	1
-0.375	1000	494	0	0	1	1
-0.37	1000	494	0	0	1	1
-0.365	1000	494	0	0	1	1
-0.36	1000	494	0	0	1	1
-0.355	1000	494	0	0	1	1
-0.35	1000	494	0	0	1	1
-0.345	1000	494	0	0	1	1
-0.34	1000	494	0	0	1	1
-0.335	1000	494	0	0	1	1
-0.33	1000	494	0	0	1	1
-0.325	1000	494	0	0	1	1
-0.32	1000	494	0	0	1	1
-0.315	1000	494	0	0	1	1
-0.31	1000	494	0	0	1	1
-0.305	1000	494	0	0	1	1
-0.3	1000	494	0	0	1	1
-0.295	1000	494	0	0	1	1
-0.29	1000	494	0	0	1	1
-0.285	1000	494	0	0	1	1
-0.28	1000	494	0	0	1	1
-0.275	1000	494	0	0	1	1
-0.27	1000	494	0	0	1	1
-0.265	1000	494	0	0	1	1
-0.26	1000	494	0	0	1	1
-0.255	1000	494	0	0	1	1
-0.25	1000	494	0	0	1	1
-0.245	1000	494	0	0	1	1
-0.24	1000	494	0	0	1	1
-0.235	1000	494	0	0	1	1
-0.23	1000	494	0	0	1	1
-0.225	1000	494	0	0	1	1
-0.22	1000	494	0	0	1	1
-0.215	1000	494	0	0	1	1
-0.21	1000	494	0	0	1	1
-0.205	1000	494	0	0	1	1
-0.2	1000	494	0	0	1	1
-0.195	1000	494	0	0	1	1
-0.19	1000	494	0	0	1	1
-0.185	1000	494	0	0	1	1
-0.18	1000	494	0	0	1	1
-0.175	1000	494	0	0	1	1
-0.17	1000	494	0	0	1	1
-0.165	1000	494	0	0	1	1
-0.16	1000	494	0	0	1	1
-0.155	1000	494	0	0	1	1
-0.15	1000	494	0	0	1	1
-0.145	1000	494	0	0	1	1
-0.14	1000	494	0	0	1	1
-0.135	1000	494	0	0	1	1
-0.13	1000	494	0	0	1	1
-0.125	1000	494	0	0	1	1
-0.12	1000	494	0	0	1	1
-0.115	1000	494	0	0	1	1
-0.11	1000	494	0	0	1	1
-0.105	1000	494	0	0	1	1
-0.1	1000	494	0	0	1	1
-0.095	1000	494	0	0	1	1
-0.09	1000	494	0	0	1	1
-0.085	1000	494	0	0	1	1
-0.08	1000	494	0	0	1	1
-0.075	1000	494	0	0	1	1
-0.07	1000	494	0	0	1	1
-0.065	1000	494	0	0	1	1
-0.06	1000	494	0	0	1	1
-0.055	1000	494	0	0	1	1
-0.05	1000	494	0	0	1	1
-0.045	1000	494	0	0	1	1
-0.04	1000	494	0	0	1	1
-0.035	1000	494	0	0	1	1
-0.03	1000	494	0	0	1	1
-0.025	1000	494	0	0	1	1
-0.02	1000	494	0	0	1	1
-0.015	1000	494	0	0	1	1
-0.01	1000	494	0	0	1	1
-0.005	1000	490	4	0	0.991902834008097	1
0	1000	447	47	0	0.904858299595142	1
0.005	1000	381	113	0	0.771255060728745	1
0.01	1000	355	139	0	0.718623481781376	1
0.015	1000	330	164	0	0.668016194331984	1
0.02	1000	313	181	0	0.633603238866397	1
0.025	1000	307	187	0	0.621457489878543	1
0.03	1000	303	191	0	0.61336032388664	1
0.035	1000	287	207	0	0.580971659919028	1
0.04	1000	284	210	0	0.574898785425101	1
0.045	1000	279	215	0	0.564777327935223	1
0.05	1000	276	218	0	0.558704453441296	1
0.055	1000	275	219	0	0.55668016194332	1
0.0600000000000001	1000	270	224	0	0.546558704453441	1
0.0650000000000001	1000	264	230	0	0.534412955465587	1
0.0700000000000001	1000	260	234	0	0.526315789473684	1
0.0750000000000001	1000	256	238	0	0.518218623481781	1
0.08	1000	254	240	0	0.51417004048583	1
0.085	1000	251	243	0	0.508097165991903	1
0.09	1000	246	248	0	0.497975708502024	1
0.095	1000	240	254	0	0.48582995951417	1
0.1	1000	235	259	0	0.475708502024291	1
0.105	1000	233	261	0	0.47165991902834	1
0.11	1000	230	264	0	0.465587044534413	1
0.115	1000	227	267	0	0.459514170040486	1
0.12	1000	223	271	0	0.451417004048583	1
0.125	1000	216	278	0	0.437246963562753	1
0.13	1000	210	284	0	0.425101214574899	1
0.135	1000	196	298	0	0.396761133603239	1
0.14	1000	186	308	0	0.376518218623482	1
0.145	1000	178	316	0	0.360323886639676	1
0.15	999	165	329	1	0.334008097165992	0.999
0.155	998	135	359	2	0.273279352226721	0.998
0.16	998	130	364	2	0.263157894736842	0.998
0.165	998	100	394	2	0.202429149797571	0.998
0.17	996	74	420	4	0.149797570850202	0.996
0.175	996	63	431	4	0.12753036437247	0.996
0.18	996	60	434	4	0.121457489878543	0.996
0.185	996	59	435	4	0.119433198380567	0.996
0.19	996	58	436	4	0.117408906882591	0.996
0.195	996	58	436	4	0.117408906882591	0.996
0.2	996	57	437	4	0.115384615384615	0.996
0.205	996	55	439	4	0.111336032388664	0.996
0.21	996	55	439	4	0.111336032388664	0.996
0.215	996	53	441	4	0.107287449392713	0.996
0.22	996	49	445	4	0.0991902834008097	0.996
0.225	996	49	445	4	0.0991902834008097	0.996
0.23	996	48	446	4	0.097165991902834	0.996
0.235	996	46	448	4	0.0931174089068826	0.996
0.24	996	43	451	4	0.0870445344129555	0.996
0.245	996	39	455	4	0.0789473684210526	0.996
0.25	996	38	456	4	0.0769230769230769	0.996
0.255	996	34	460	4	0.0688259109311741	0.996
0.26	995	31	463	5	0.062753036437247	0.995
0.265	995	28	466	5	0.0566801619433198	0.995
0.27	995	25	469	5	0.0506072874493927	0.995
0.275	995	19	475	5	0.0384615384615385	0.995
0.28	995	17	477	5	0.034412955465587	0.995
0.285	995	15	479	5	0.0303643724696356	0.995
0.29	995	13	481	5	0.0263157894736842	0.995
0.295	995	9	485	5	0.0182186234817814	0.995
0.3	995	6	488	5	0.0121457489878543	0.995
0.305	995	5	489	5	0.0101214574898785	0.995
0.31	995	4	490	5	0.00809716599190283	0.995
0.315	993	2	492	7	0.00404858299595142	0.993
0.32	993	1	493	7	0.00202429149797571	0.993
0.325	991	0	494	9	0	0.991
0.33	989	0	494	11	0	0.989
0.335	987	0	494	13	0	0.987
0.34	986	0	494	14	0	0.986
0.345	985	0	494	15	0	0.985
0.35	985	0	494	15	0	0.985
0.355	983	0	494	17	0	0.983
0.36	983	0	494	17	0	0.983
0.365	983	0	494	17	0	0.983
0.37	983	0	494	17	0	0.983
0.375	983	0	494	17	0	0.983
0.38	982	0	494	18	0	0.982
0.385	982	0	494	18	0	0.982
0.39	981	0	494	19	0	0.981
0.395	980	0	494	20	0	0.98
0.4	980	0	494	20	0	0.98
0.405	979	0	494	21	0	0.979
0.41	976	0	494	24	0	0.976
0.415	974	0	494	26	0	0.974
0.42	974	0	494	26	0	0.974
0.425	973	0	494	27	0	0.973
0.43	973	0	494	27	0	0.973
0.435	972	0	494	28	0	0.972
0.44	971	0	494	29	0	0.971
0.445	971	0	494	29	0	0.971
0.45	970	0	494	30	0	0.97
0.455	968	0	494	32	0	0.968
0.46	967	0	494	33	0	0.967
0.465	963	0	494	37	0	0.963
0.47	961	0	494	39	0	0.961
0.475	960	0	494	40	0	0.96
0.48	959	0	494	41	0	0.959
0.485	957	0	494	43	0	0.957
0.49	957	0	494	43	0	0.957
0.495	957	0	494	43	0	0.957
0.5	957	0	494	43	0	0.957
0.505	957	0	494	43	0	0.957
0.51	956	0	494	44	0	0.956
0.515	956	0	494	44	0	0.956
0.52	955	0	494	45	0	0.955
0.525	953	0	494	47	0	0.953
0.53	950	0	494	50	0	0.95
0.535	950	0	494	50	0	0.95
0.54	950	0	494	50	0	0.95
0.545	947	0	494	53	0	0.947
0.55	944	0	494	56	0	0.944
0.555	944	0	494	56	0	0.944
0.56	944	0	494	56	0	0.944
0.565	943	0	494	57	0	0.943
0.57	942	0	494	58	0	0.942
0.575	942	0	494	58	0	0.942
0.58	941	0	494	59	0	0.941
0.585	939	0	494	61	0	0.939
0.59	936	0	494	64	0	0.936
0.595	934	0	494	66	0	0.934
0.6	932	0	494	68	0	0.932
0.605	929	0	494	71	0	0.929
0.61	928	0	494	72	0	0.928
0.615	928	0	494	72	0	0.928
0.62	927	0	494	73	0	0.927
0.625	926	0	494	74	0	0.926
0.63	921	0	494	79	0	0.921
0.635	920	0	494	80	0	0.92
0.64	920	0	494	80	0	0.92
0.645	917	0	494	83	0	0.917
0.65	914	0	494	86	0	0.914
0.655	911	0	494	89	0	0.911
0.66	910	0	494	90	0	0.91
0.665	905	0	494	95	0	0.905
0.67	905	0	494	95	0	0.905
0.675	903	0	494	97	0	0.903
0.68	900	0	494	100	0	0.9
0.685	896	0	494	104	0	0.896
0.69	893	0	494	107	0	0.893
0.695	889	0	494	111	0	0.889
0.7	887	0	494	113	0	0.887
0.705	885	0	494	115	0	0.885
0.71	882	0	494	118	0	0.882
0.715	880	0	494	120	0	0.88
0.72	878	0	494	122	0	0.878
0.725	874	0	494	126	0	0.874
0.73	868	0	494	132	0	0.868
0.735	866	0	494	134	0	0.866
0.74	861	0	494	139	0	0.861
0.745	859	0	494	141	0	0.859
0.75	858	0	494	142	0	0.858
0.755	858	0	494	142	0	0.858
0.76	850	0	494	150	0	0.85
0.765	844	0	494	156	0	0.844
0.77	836	0	494	164	0	0.836
0.775	834	0	494	166	0	0.834
0.78	827	0	494	173	0	0.827
0.785	818	0	494	182	0	0.818
0.79	812	0	494	188	0	0.812
0.795	807	0	494	193	0	0.807
0.8	803	0	494	197	0	0.803
0.805	792	0	494	208	0	0.792
0.81	785	0	494	215	0	0.785
0.815	779	0	494	221	0	0.779
0.82	770	0	494	230	0	0.77
0.825	765	0	494	235	0	0.765
0.83	762	0	494	238	0	0.762
0.835	753	0	494	247	0	0.753
0.84	743	0	494	257	0	0.743
0.845	737	0	494	263	0	0.737
0.85	727	0	494	273	0	0.727
0.855	719	0	494	281	0	0.719
0.86	712	0	494	288	0	0.712
0.865	705	0	494	295	0	0.705
0.87	696	0	494	304	0	0.696
0.875	694	0	494	306	0	0.694
0.88	683	0	494	317	0	0.683
0.885	676	0	494	324	0	0.676
0.89	671	0	494	329	0	0.671
0.895	659	0	494	341	0	0.659
0.9	649	0	494	351	0	0.649
0.905	645	0	494	355	0	0.645
0.91	640	0	494	360	0	0.64
0.915	638	0	494	362	0	0.638
0.92	630	0	494	370	0	0.63
0.925	623	0	494	377	0	0.623
0.93	617	0	494	383	0	0.617
0.935	610	0	494	390	0	0.61
0.94	607	0	494	393	0	0.607
0.945	598	0	494	402	0	0.598
0.95	589	0	494	411	0	0.589
0.955	582	0	494	418	0	0.582
0.96	575	0	494	425	0	0.575
0.965	563	0	494	437	0	0.563
0.97	558	0	494	442	0	0.558
0.975	545	0	494	455	0	0.545
0.98	530	0	494	470	0	0.53
0.985	519	0	494	481	0	0.519
0.99	507	0	494	493	0	0.507
0.995	498	0	494	502	0	0.498
1	484	0	494	516	0	0.484
1.005	473	0	494	527	0	0.473
1.01	459	0	494	541	0	0.459
1.015	444	0	494	556	0	0.444
1.02	431	0	494	569	0	0.431
1.025	417	0	494	583	0	0.417
1.03	401	0	494	599	0	0.401
1.035	383	0	494	617	0	0.383
1.04	376	0	494	624	0	0.376
1.045	359	0	494	641	0	0.359
1.05	347	0	494	653	0	0.347
1.055	331	0	494	669	0	0.331
1.06	313	0	494	687	0	0.313
1.065	297	0	494	703	0	0.297
1.07	289	0	494	711	0	0.289
1.075	280	0	494	720	0	0.28
1.08	269	0	494	731	0	0.269
1.085	257	0	494	743	0	0.257
1.09	245	0	494	755	0	0.245
1.095	228	0	494	772	0	0.228
1.1	219	0	494	781	0	0.219
1.105	210	0	494	790	0	0.21
1.11	198	0	494	802	0	0.198
1.115	184	0	494	816	0	0.184
1.12	175	0	494	825	0	0.175
1.125	168	0	494	832	0	0.168
1.13	157	0	494	843	0	0.157
1.135	149	0	494	851	0	0.149
1.14	142	0	494	858	0	0.142
1.145	129	0	494	871	0	0.129
1.15	123	0	494	877	0	0.123
1.155	113	0	494	887	0	0.113
1.16	101	0	494	899	0	0.101
1.165	92	0	494	908	0	0.092
1.17	82	0	494	918	0	0.082
1.175	70	0	494	930	0	0.07
1.18	65	0	494	935	0	0.065
1.185	55	0	494	945	0	0.055
1.19	46	0	494	954	0	0.046
1.195	38	0	494	962	0	0.038
1.2	36	0	494	964	0	0.036
1.205	33	0	494	967	0	0.033
1.21	26	0	494	974	0	0.026
1.215	24	0	494	976	0	0.024
1.22	22	0	494	978	0	0.022
1.225	18	0	494	982	0	0.018
1.23	16	0	494	984	0	0.016
1.235	15	0	494	985	0	0.015
1.24	11	0	494	989	0	0.011
1.245	8	0	494	992	0	0.008
1.25	7	0	494	993	0	0.007
1.255	5	0	494	995	0	0.005
1.26	4	0	494	996	0	0.004
1.265	3	0	494	997	0	0.003
1.27	1	0	494	999	0	0.001
1.275	0	0	494	1000	0	0
1.28	0	0	494	1000	0	0
1.285	0	0	494	1000	0	0
1.29	0	0	494	1000	0	0
1.295	0	0	494	1000	0	0
1.3	0	0	494	1000	0	0
1.305	0	0	494	1000	0	0
1.31	0	0	494	1000	0	0
1.315	0	0	494	1000	0	0
1.32	0	0	494	1000	0	0
1.325	0	0	494	1000	0	0
1.33	0	0	494	1000	0	0
1.335	0	0	494	1000	0	0
1.34	0	0	494	1000	0	0
1.345	0	0	494	1000	0	0
1.35	0	0	494	1000	0	0
1.355	0	0	494	1000	0	0
1.36	0	0	494	1000	0	0
1.365	0	0	494	1000	0	0
1.37	0	0	494	1000	0	0
1.375	0	0	494	1000	0	0
1.38	0	0	494	1000	0	0
1.385	0	0	494	1000	0	0
1.39	0	0	494	1000	0	0
1.395	0	0	494	1000	0	0
1.4	0	0	494	1000	0	0
1.405	0	0	494	1000	0	0
1.41	0	0	494	1000	0	0
1.415	0	0	494	1000	0	0
1.42	0	0	494	1000	0	0
1.425	0	0	494	1000	0	0
1.43	0	0	494	1000	0	0
1.435	0	0	494	1000	0	0
1.44	0	0	494	1000	0	0
1.445	0	0	494	1000	0	0
1.45	0	0	494	1000	0	0
1.455	0	0	494	1000	0	0
1.46	0	0	494	1000	0	0
1.465	0	0	494	1000	0	0
1.47	0	0	494	1000	0	0
1.475	0	0	494	1000	0	0
1.48	0	0	494	1000	0	0
1.485	0	0	494	1000	0	0
1.49	0	0	494	1000	0	0
1.495	0	0	494	1000	0	0
1.5	0	0	494	1000	0	0
