cutoff	True.pos	False.pos	True.neg	False.neg	False.pos.rate	True.pos.rate
-0.5	1000	444	0	0	1	1
-0.495	1000	444	0	0	1	1
-0.49	1000	444	0	0	1	1
-0.485	1000	444	0	0	1	1
-0.48	1000	444	0	0	1	1
-0.475	1000	444	0	0	1	1
-0.47	1000	444	0	0	1	1
-0.465	1000	444	0	0	1	1
-0.46	1000	444	0	0	1	1
-0.455	1000	444	0	0	1	1
-0.45	1000	444	0	0	1	1
-0.445	1000	444	0	0	1	1
-0.44	1000	444	0	0	1	1
-0.435	1000	444	0	0	1	1
-0.43	1000	444	0	0	1	1
-0.425	1000	444	0	0	1	1
-0.42	1000	444	0	0	1	1
-0.415	1000	444	0	0	1	1
-0.41	1000	444	0	0	1	1
-0.405	1000	444	0	0	1	1
-0.4	1000	444	0	0	1	1
-0.395	1000	444	0	0	1	1
-0.39	1000	444	0	0	1	1
-0.385	1000	444	0	0	1	1
-0.38	1000	444	0	0	1	1
-0.375	1000	444	0	0	1	1
-0.37	1000	444	0	0	1	1
-0.365	1000	444	0	0	1	1
-0.36	1000	444	0	0	1	1
-0.355	1000	444	0	0	1	1
-0.35	1000	444	0	0	1	1
-0.345	1000	444	0	0	1	1
-0.34	1000	444	0	0	1	1
-0.335	1000	444	0	0	1	1
-0.33	1000	444	0	0	1	1
-0.325	1000	444	0	0	1	1
-0.32	1000	444	0	0	1	1
-0.315	1000	444	0	0	1	1
-0.31	1000	444	0	0	1	1
-0.305	1000	444	0	0	1	1
-0.3	1000	444	0	0	1	1
-0.295	1000	444	0	0	1	1
-0.29	1000	444	0	0	1	1
-0.285	1000	444	0	0	1	1
-0.28	1000	444	0	0	1	1
-0.275	1000	444	0	0	1	1
-0.27	1000	444	0	0	1	1
-0.265	1000	444	0	0	1	1
-0.26	1000	444	0	0	1	1
-0.255	1000	444	0	0	1	1
-0.25	1000	444	0	0	1	1
-0.245	1000	444	0	0	1	1
-0.24	1000	444	0	0	1	1
-0.235	1000	444	0	0	1	1
-0.23	1000	444	0	0	1	1
-0.225	1000	444	0	0	1	1
-0.22	1000	444	0	0	1	1
-0.215	1000	444	0	0	1	1
-0.21	1000	444	0	0	1	1
-0.205	1000	444	0	0	1	1
-0.2	1000	444	0	0	1	1
-0.195	1000	444	0	0	1	1
-0.19	1000	444	0	0	1	1
-0.185	1000	444	0	0	1	1
-0.18	1000	444	0	0	1	1
-0.175	1000	444	0	0	1	1
-0.17	1000	444	0	0	1	1
-0.165	1000	444	0	0	1	1
-0.16	1000	444	0	0	1	1
-0.155	1000	444	0	0	1	1
-0.15	1000	444	0	0	1	1
-0.145	1000	444	0	0	1	1
-0.14	1000	444	0	0	1	1
-0.135	1000	444	0	0	1	1
-0.13	1000	444	0	0	1	1
-0.125	1000	444	0	0	1	1
-0.12	1000	444	0	0	1	1
-0.115	1000	444	0	0	1	1
-0.11	1000	444	0	0	1	1
-0.105	1000	444	0	0	1	1
-0.1	1000	444	0	0	1	1
-0.095	1000	444	0	0	1	1
-0.09	1000	444	0	0	1	1
-0.085	1000	444	0	0	1	1
-0.08	1000	444	0	0	1	1
-0.075	1000	444	0	0	1	1
-0.07	1000	444	0	0	1	1
-0.065	1000	444	0	0	1	1
-0.06	1000	444	0	0	1	1
-0.055	1000	444	0	0	1	1
-0.05	1000	444	0	0	1	1
-0.045	1000	444	0	0	1	1
-0.04	1000	444	0	0	1	1
-0.035	1000	444	0	0	1	1
-0.03	1000	443	1	0	0.997747747747748	1
-0.025	1000	432	12	0	0.972972972972973	1
-0.02	1000	421	23	0	0.948198198198198	1
-0.015	1000	395	49	0	0.88963963963964	1
-0.01	1000	364	80	0	0.81981981981982	1
-0.005	1000	334	110	0	0.752252252252252	1
0	1000	311	133	0	0.70045045045045	1
0.005	1000	302	142	0	0.68018018018018	1
0.01	1000	292	152	0	0.657657657657658	1
0.015	1000	283	161	0	0.637387387387387	1
0.02	1000	273	171	0	0.614864864864865	1
0.025	1000	260	184	0	0.585585585585586	1
0.03	1000	257	187	0	0.578828828828829	1
0.035	1000	254	190	0	0.572072072072072	1
0.04	1000	250	194	0	0.563063063063063	1
0.045	1000	249	195	0	0.560810810810811	1
0.05	1000	246	198	0	0.554054054054054	1
0.055	1000	243	201	0	0.547297297297297	1
0.0600000000000001	1000	239	205	0	0.538288288288288	1
0.0650000000000001	1000	239	205	0	0.538288288288288	1
0.0700000000000001	1000	234	210	0	0.527027027027027	1
0.0750000000000001	1000	230	214	0	0.518018018018018	1
0.08	1000	224	220	0	0.504504504504504	1
0.085	1000	221	223	0	0.497747747747748	1
0.09	1000	221	223	0	0.497747747747748	1
0.095	1000	217	227	0	0.488738738738739	1
0.1	1000	213	231	0	0.47972972972973	1
0.105	1000	207	237	0	0.466216216216216	1
0.11	1000	203	241	0	0.457207207207207	1
0.115	1000	198	246	0	0.445945945945946	1
0.12	1000	187	257	0	0.421171171171171	1
0.125	999	176	268	1	0.396396396396396	0.999
0.13	999	170	274	1	0.382882882882883	0.999
0.135	999	157	287	1	0.353603603603604	0.999
0.14	998	147	297	2	0.331081081081081	0.998
0.145	998	139	305	2	0.313063063063063	0.998
0.15	998	126	318	2	0.283783783783784	0.998
0.155	998	121	323	2	0.272522522522523	0.998
0.16	998	116	328	2	0.261261261261261	0.998
0.165	998	87	357	2	0.195945945945946	0.998
0.17	998	74	370	2	0.166666666666667	0.998
0.175	997	65	379	3	0.146396396396396	0.997
0.18	997	55	389	3	0.123873873873874	0.997
0.185	997	52	392	3	0.117117117117117	0.997
0.19	997	50	394	3	0.112612612612613	0.997
0.195	997	46	398	3	0.103603603603604	0.997
0.2	997	46	398	3	0.103603603603604	0.997
0.205	997	45	399	3	0.101351351351351	0.997
0.21	997	44	400	3	0.0990990990990991	0.997
0.215	997	43	401	3	0.0968468468468468	0.997
0.22	997	43	401	3	0.0968468468468468	0.997
0.225	997	41	403	3	0.0923423423423423	0.997
0.23	997	41	403	3	0.0923423423423423	0.997
0.235	997	41	403	3	0.0923423423423423	0.997
0.24	997	40	404	3	0.0900900900900901	0.997
0.245	997	39	405	3	0.0878378378378378	0.997
0.25	997	36	408	3	0.0810810810810811	0.997
0.255	997	35	409	3	0.0788288288288288	0.997
0.26	997	33	411	3	0.0743243243243243	0.997
0.265	996	30	414	4	0.0675675675675676	0.996
0.27	996	30	414	4	0.0675675675675676	0.996
0.275	996	25	419	4	0.0563063063063063	0.996
0.28	996	22	422	4	0.0495495495495495	0.996
0.285	996	22	422	4	0.0495495495495495	0.996
0.29	996	20	424	4	0.045045045045045	0.996
0.295	996	18	426	4	0.0405405405405405	0.996
0.3	996	17	427	4	0.0382882882882883	0.996
0.305	996	16	428	4	0.036036036036036	0.996
0.31	996	12	432	4	0.027027027027027	0.996
0.315	996	11	433	4	0.0247747747747748	0.996
0.32	996	10	434	4	0.0225225225225225	0.996
0.325	996	7	437	4	0.0157657657657658	0.996
0.33	995	3	441	5	0.00675675675675676	0.995
0.335	995	1	443	5	0.00225225225225225	0.995
0.34	995	1	443	5	0.00225225225225225	0.995
0.345	995	1	443	5	0.00225225225225225	0.995
0.35	995	0	444	5	0	0.995
0.355	995	0	444	5	0	0.995
0.36	995	0	444	5	0	0.995
0.365	995	0	444	5	0	0.995
0.37	995	0	444	5	0	0.995
0.375	995	0	444	5	0	0.995
0.38	995	0	444	5	0	0.995
0.385	995	0	444	5	0	0.995
0.39	995	0	444	5	0	0.995
0.395	995	0	444	5	0	0.995
0.4	995	0	444	5	0	0.995
0.405	995	0	444	5	0	0.995
0.41	994	0	444	6	0	0.994
0.415	994	0	444	6	0	0.994
0.42	994	0	444	6	0	0.994
0.425	994	0	444	6	0	0.994
0.43	994	0	444	6	0	0.994
0.435	992	0	444	8	0	0.992
0.44	992	0	444	8	0	0.992
0.445	992	0	444	8	0	0.992
0.45	992	0	444	8	0	0.992
0.455	992	0	444	8	0	0.992
0.46	992	0	444	8	0	0.992
0.465	992	0	444	8	0	0.992
0.47	992	0	444	8	0	0.992
0.475	992	0	444	8	0	0.992
0.48	992	0	444	8	0	0.992
0.485	990	0	444	10	0	0.99
0.49	988	0	444	12	0	0.988
0.495	987	0	444	13	0	0.987
0.5	986	0	444	14	0	0.986
0.505	986	0	444	14	0	0.986
0.51	986	0	444	14	0	0.986
0.515	984	0	444	16	0	0.984
0.52	983	0	444	17	0	0.983
0.525	979	0	444	21	0	0.979
0.53	979	0	444	21	0	0.979
0.535	978	0	444	22	0	0.978
0.54	977	0	444	23	0	0.977
0.545	977	0	444	23	0	0.977
0.55	976	0	444	24	0	0.976
0.555	976	0	444	24	0	0.976
0.56	976	0	444	24	0	0.976
0.565	976	0	444	24	0	0.976
0.57	976	0	444	24	0	0.976
0.575	976	0	444	24	0	0.976
0.58	976	0	444	24	0	0.976
0.585	975	0	444	25	0	0.975
0.59	973	0	444	27	0	0.973
0.595	971	0	444	29	0	0.971
0.6	970	0	444	30	0	0.97
0.605	968	0	444	32	0	0.968
0.61	967	0	444	33	0	0.967
0.615	964	0	444	36	0	0.964
0.62	961	0	444	39	0	0.961
0.625	960	0	444	40	0	0.96
0.63	959	0	444	41	0	0.959
0.635	958	0	444	42	0	0.958
0.64	955	0	444	45	0	0.955
0.645	952	0	444	48	0	0.952
0.65	950	0	444	50	0	0.95
0.655	950	0	444	50	0	0.95
0.66	947	0	444	53	0	0.947
0.665	945	0	444	55	0	0.945
0.67	942	0	444	58	0	0.942
0.675	938	0	444	62	0	0.938
0.68	938	0	444	62	0	0.938
0.685	934	0	444	66	0	0.934
0.69	931	0	444	69	0	0.931
0.695	928	0	444	72	0	0.928
0.7	927	0	444	73	0	0.927
0.705	922	0	444	78	0	0.922
0.71	919	0	444	81	0	0.919
0.715	916	0	444	84	0	0.916
0.72	914	0	444	86	0	0.914
0.725	913	0	444	87	0	0.913
0.73	909	0	444	91	0	0.909
0.735	906	0	444	94	0	0.906
0.74	901	0	444	99	0	0.901
0.745	899	0	444	101	0	0.899
0.75	895	0	444	105	0	0.895
0.755	891	0	444	109	0	0.891
0.76	887	0	444	113	0	0.887
0.765	880	0	444	120	0	0.88
0.77	874	0	444	126	0	0.874
0.775	868	0	444	132	0	0.868
0.78	865	0	444	135	0	0.865
0.785	860	0	444	140	0	0.86
0.79	855	0	444	145	0	0.855
0.795	850	0	444	150	0	0.85
0.8	845	0	444	155	0	0.845
0.805	841	0	444	159	0	0.841
0.81	834	0	444	166	0	0.834
0.815	827	0	444	173	0	0.827
0.82	817	0	444	183	0	0.817
0.825	808	0	444	192	0	0.808
0.83	803	0	444	197	0	0.803
0.835	798	0	444	202	0	0.798
0.84	791	0	444	209	0	0.791
0.845	788	0	444	212	0	0.788
0.85	779	0	444	221	0	0.779
0.855	774	0	444	226	0	0.774
0.86	769	0	444	231	0	0.769
0.865	762	0	444	238	0	0.762
0.87	749	0	444	251	0	0.749
0.875	741	0	444	259	0	0.741
0.88	734	0	444	266	0	0.734
0.885	726	0	444	274	0	0.726
0.89	716	0	444	284	0	0.716
0.895	709	0	444	291	0	0.709
0.9	705	0	444	295	0	0.705
0.905	697	0	444	303	0	0.697
0.91	683	0	444	317	0	0.683
0.915	677	0	444	323	0	0.677
0.92	668	0	444	332	0	0.668
0.925	658	0	444	342	0	0.658
0.93	646	0	444	354	0	0.646
0.935	640	0	444	360	0	0.64
0.94	630	0	444	370	0	0.63
0.945	614	0	444	386	0	0.614
0.95	605	0	444	395	0	0.605
0.955	595	0	444	405	0	0.595
0.96	585	0	444	415	0	0.585
0.965	567	0	444	433	0	0.567
0.97	553	0	444	447	0	0.553
0.975	550	0	444	450	0	0.55
0.98	536	0	444	464	0	0.536
0.985	519	0	444	481	0	0.519
0.99	507	0	444	493	0	0.507
0.995	497	0	444	503	0	0.497
1	493	0	444	507	0	0.493
1.005	482	0	444	518	0	0.482
1.01	470	0	444	530	0	0.47
1.015	455	0	444	545	0	0.455
1.02	440	0	444	560	0	0.44
1.025	425	0	444	575	0	0.425
1.03	412	0	444	588	0	0.412
1.035	395	0	444	605	0	0.395
1.04	379	0	444	621	0	0.379
1.045	370	0	444	630	0	0.37
1.05	352	0	444	648	0	0.352
1.055	337	0	444	663	0	0.337
1.06	325	0	444	675	0	0.325
1.065	310	0	444	690	0	0.31
1.07	288	0	444	712	0	0.288
1.075	283	0	444	717	0	0.283
1.08	263	0	444	737	0	0.263
1.085	249	0	444	751	0	0.249
1.09	235	0	444	765	0	0.235
1.095	220	0	444	780	0	0.22
1.1	213	0	444	787	0	0.213
1.105	205	0	444	795	0	0.205
1.11	186	0	444	814	0	0.186
1.115	166	0	444	834	0	0.166
1.12	151	0	444	849	0	0.151
1.125	143	0	444	857	0	0.143
1.13	136	0	444	864	0	0.136
1.135	124	0	444	876	0	0.124
1.14	112	0	444	888	0	0.112
1.145	95	0	444	905	0	0.095
1.15	85	0	444	915	0	0.085
1.155	78	0	444	922	0	0.078
1.16	72	0	444	928	0	0.072
1.165	62	0	444	938	0	0.062
1.17	54	0	444	946	0	0.054
1.175	46	0	444	954	0	0.046
1.18	34	0	444	966	0	0.034
1.185	31	0	444	969	0	0.031
1.19	27	0	444	973	0	0.027
1.195	22	0	444	978	0	0.022
1.2	18	0	444	982	0	0.018
1.205	14	0	444	986	0	0.014
1.21	11	0	444	989	0	0.011
1.215	10	0	444	990	0	0.01
1.22	8	0	444	992	0	0.008
1.225	7	0	444	993	0	0.007
1.23	4	0	444	996	0	0.004
1.235	1	0	444	999	0	0.001
1.24	0	0	444	1000	0	0
1.245	0	0	444	1000	0	0
1.25	0	0	444	1000	0	0
1.255	0	0	444	1000	0	0
1.26	0	0	444	1000	0	0
1.265	0	0	444	1000	0	0
1.27	0	0	444	1000	0	0
1.275	0	0	444	1000	0	0
1.28	0	0	444	1000	0	0
1.285	0	0	444	1000	0	0
1.29	0	0	444	1000	0	0
1.295	0	0	444	1000	0	0
1.3	0	0	444	1000	0	0
1.305	0	0	444	1000	0	0
1.31	0	0	444	1000	0	0
1.315	0	0	444	1000	0	0
1.32	0	0	444	1000	0	0
1.325	0	0	444	1000	0	0
1.33	0	0	444	1000	0	0
1.335	0	0	444	1000	0	0
1.34	0	0	444	1000	0	0
1.345	0	0	444	1000	0	0
1.35	0	0	444	1000	0	0
1.355	0	0	444	1000	0	0
1.36	0	0	444	1000	0	0
1.365	0	0	444	1000	0	0
1.37	0	0	444	1000	0	0
1.375	0	0	444	1000	0	0
1.38	0	0	444	1000	0	0
1.385	0	0	444	1000	0	0
1.39	0	0	444	1000	0	0
1.395	0	0	444	1000	0	0
1.4	0	0	444	1000	0	0
1.405	0	0	444	1000	0	0
1.41	0	0	444	1000	0	0
1.415	0	0	444	1000	0	0
1.42	0	0	444	1000	0	0
1.425	0	0	444	1000	0	0
1.43	0	0	444	1000	0	0
1.435	0	0	444	1000	0	0
1.44	0	0	444	1000	0	0
1.445	0	0	444	1000	0	0
1.45	0	0	444	1000	0	0
1.455	0	0	444	1000	0	0
1.46	0	0	444	1000	0	0
1.465	0	0	444	1000	0	0
1.47	0	0	444	1000	0	0
1.475	0	0	444	1000	0	0
1.48	0	0	444	1000	0	0
1.485	0	0	444	1000	0	0
1.49	0	0	444	1000	0	0
1.495	0	0	444	1000	0	0
1.5	0	0	444	1000	0	0
